r = -1 + (1+1)*rand(10,10)


